2020-10-01T14 -11.25 47.0 995
2020-10-01T15 -10.0 46.75 993
2020-10-01T16 -8.75 46.5 991
2020-10-01T17 -7.5 46.5 988
2020-10-01T18 -6.25 46.5 987
2020-10-01T19 -5.25 46.75 984
2020-10-01T20 -4.25 47.0 982
2020-10-01T21 -3.75 47.25 979
2020-10-01T22 -3.0 47.5 977
2020-10-01T23 -2.5 48.0 976
2020-10-02T00 -2.0 48.25 975
2020-10-02T01 -2.0 48.75 973
2020-10-02T02 -2.0 49.0 971
2020-10-02T03 -2.0 49.25 971
2020-10-02T04 -2.25 49.5 971
2020-10-02T05 -2.5 49.5 970
2020-10-02T06 -2.5 49.5 970
2020-10-02T07 -2.5 49.5 971
2020-10-02T08 -2.5 49.5 972
2020-10-02T09 -3.0 49.5 972
2020-10-02T10 -3.25 49.5 972
2020-10-02T11 -3.25 49.25 972
2020-10-02T12 -3.75 49.0 973
2020-10-02T13 -3.75 49.0 974
2020-10-02T14 -3.5 48.75 973
2020-10-02T15 -3.5 48.25 975
2020-10-02T16 -3.25 48.0 976
2020-10-02T17 -3.25 47.75 976
2020-10-02T18 -3.0 47.5 976
2020-10-02T19 -2.75 47.25 977
2020-10-02T20 -2.75 47.0 978
2020-10-02T21 -2.5 46.75 978
2020-10-02T22 -2.25 46.5 979
2020-10-02T23 -2.0 46.25 979
2020-10-03T00 -1.75 46.0 980
2020-10-03T01 -1.5 45.75 981
2020-10-03T02 -0.75 45.5 982
2020-10-03T03 -0.5 45.5 983
2020-10-03T04 0.0 45.5 984
2020-10-03T05 0.25 45.75 984
2020-10-03T06 0.75 45.75 985
