1993-01-08T22 -52.75 43.0 1005
1993-01-08T23 -52.5 43.5 1004
1993-01-09T00 -51.75 43.75 1003
1993-01-09T01 -50.75 44.0 1002
1993-01-09T02 -49.75 44.25 1002
1993-01-09T03 -48.5 44.5 1001
1993-01-09T04 -47.25 44.75 1000
1993-01-09T05 -46.25 45.0 999
1993-01-09T06 -45.0 45.5 998
1993-01-09T07 -44.0 45.75 997
1993-01-09T08 -42.75 46.0 996
1993-01-09T09 -41.75 46.25 995
1993-01-09T10 -40.5 46.25 991
1993-01-09T11 -39.25 46.75 990
1993-01-09T12 -38.0 47.0 990
1993-01-09T13 -37.0 47.25 989
1993-01-09T14 -35.5 47.75 988
1993-01-09T15 -34.25 48.0 985
1993-01-09T16 -33.25 48.5 984
1993-01-09T17 -32.0 48.75 982
1993-01-09T18 -30.5 49.0 981
1993-01-09T19 -26.75 55.25 976
1993-01-09T20 -26.0 55.5 973
1993-01-09T21 -25.0 56.0 970
1993-01-09T22 -24.25 56.25 966
1993-01-09T23 -23.5 56.75 962
1993-01-10T00 -23.0 57.0 958
1993-01-10T01 -22.5 57.5 955
1993-01-10T02 -22.0 57.75 951
1993-01-10T03 -21.5 58.0 947
1993-01-10T04 -21.0 58.5 944
1993-01-10T05 -20.5 59.0 940
1993-01-10T06 -20.25 59.25 936
1993-01-10T07 -20.25 59.5 933
1993-01-10T08 -19.5 59.5 930
1993-01-10T09 -19.0 59.75 927
1993-01-10T10 -15.0 60.5 924
1993-01-10T11 -15.0 60.75 921
1993-01-10T12 -15.75 61.0 919
1993-01-10T13 -16.25 61.0 917
1993-01-10T14 -16.25 61.0 916
1993-01-10T15 -16.25 61.0 915
1993-01-10T16 -16.0 60.75 915
1993-01-10T17 -15.5 60.75 915
1993-01-10T18 -14.25 61.0 914
1993-01-10T19 -13.5 61.25 914
1993-01-10T20 -12.5 61.5 914
1993-01-10T21 -11.75 61.75 915
1993-01-10T22 -11.75 62.25 917
1993-01-10T23 -11.25 62.25 917
1993-01-11T00 -11.75 62.5 917
1993-01-11T01 -11.75 62.5 917
1993-01-11T02 -11.75 62.5 917
1993-01-11T03 -11.75 62.5 918
1993-01-11T04 -11.75 62.5 917
1993-01-11T05 -11.25 62.5 918
1993-01-11T06 -11.25 62.5 918
1993-01-11T07 -10.5 62.5 919
1993-01-11T08 -9.75 62.5 919
1993-01-11T09 -9.0 62.5 920
1993-01-11T10 -9.0 63.0 919
1993-01-11T11 -8.5 63.25 919
1993-01-11T12 -8.5 63.25 920
1993-01-11T13 -8.5 63.25 921
1993-01-11T14 -8.25 63.25 922
1993-01-11T15 -8.0 63.25 923
1993-01-11T16 -7.75 63.25 924
1993-01-11T17 -7.75 63.25 924
1993-01-11T18 -7.25 63.25 925
1993-01-11T19 -7.25 63.0 926
1993-01-11T20 -6.75 63.0 927
1993-01-11T21 -6.25 63.0 929
1993-01-11T22 -4.25 63.5 933
1993-01-11T23 -4.0 63.5 933
1993-01-12T00 -3.5 63.5 934
1993-01-12T01 -3.0 63.5 934
1993-01-12T02 -2.5 63.75 935
1993-01-12T03 -2.0 64.0 935
1993-01-12T04 -1.25 64.25 936
1993-01-12T05 -1.25 64.5 936
1993-01-12T06 -0.75 64.5 937
1993-01-12T07 0.0 64.5 937
1993-01-12T08 0.0 64.75 938
1993-01-12T09 0.75 64.75 939
1993-01-12T10 1.25 65.0 939
1993-01-12T11 1.75 65.25 940
1993-01-12T12 2.0 65.25 941
1993-01-12T13 2.5 65.5 942
1993-01-12T14 2.5 65.75 943
1993-01-12T15 2.75 66.0 944
1993-01-12T16 2.75 66.25 945
1993-01-12T17 2.75 66.25 945
1993-01-12T18 2.75 66.5 946
1993-01-12T19 2.75 66.5 947
1993-01-12T20 2.75 66.5 947
1993-01-12T21 2.75 66.5 948
1993-01-12T22 2.75 66.75 951
1993-01-12T23 2.75 66.75 951
1993-01-13T00 2.75 66.75 952
1993-01-13T01 2.75 66.75 953
1993-01-13T02 2.75 67.0 954
1993-01-13T03 2.75 67.0 954
1993-01-13T04 2.75 67.0 955
1993-01-13T05 2.25 67.25 956
1993-01-13T06 2.25 67.25 957
1993-01-13T07 1.5 67.5 958
1993-01-13T08 1.5 67.5 959
1993-01-13T09 1.25 67.5 959
1993-01-13T10 1.25 67.5 961
1993-01-13T11 0.75 67.5 961
1993-01-13T12 0.75 67.75 962
1993-01-13T13 0.0 67.75 962
1993-01-13T14 -0.25 67.75 961
1993-01-13T15 -1.0 67.75 961
1993-01-13T16 -1.0 67.75 961
1993-01-13T17 -1.75 67.75 960
1993-01-13T18 -2.25 67.75 960
1993-01-13T19 -2.5 67.75 960
1993-01-13T20 -3.0 67.75 959
1993-01-13T21 -3.5 67.75 959
1993-01-13T22 -4.25 67.5 958
1993-01-13T23 -4.25 67.5 958
