2023-10-30T18 -66.5 42.25 1003
2023-10-30T19 -65.0 42.5 1003
2023-10-30T20 -63.5 42.75 1002
2023-10-30T21 -63.0 43.0 1002
2023-10-30T22 -61.5 43.25 1002
2023-10-30T23 -60.75 43.25 1002
2023-10-31T00 -58.75 43.5 1001
2023-10-31T01 -56.25 43.75 1001
2023-10-31T02 -56.5 43.75 1000
2023-10-31T03 -54.75 44.0 998
2023-10-31T04 -54.25 44.25 998
2023-10-31T05 -53.25 44.5 996
2023-10-31T06 -52.5 44.75 996
2023-10-31T07 -51.25 44.75 995
2023-10-31T08 -50.75 45.0 995
2023-10-31T09 -49.25 45.25 995
2023-10-31T10 -48.5 45.25 995
2023-10-31T11 -47.75 45.5 994
2023-10-31T12 -46.25 45.5 994
2023-10-31T13 -44.75 45.5 994
2023-10-31T14 -44.0 45.75 993
2023-10-31T15 -42.25 45.75 992
2023-10-31T16 -41.0 45.75 991
2023-10-31T17 -39.75 45.75 990
2023-10-31T18 -38.75 46.0 990
2023-10-31T19 -38.0 46.25 990
2023-10-31T20 -36.5 46.25 989
2023-10-31T21 -35.25 46.25 989
2023-10-31T22 -34.5 46.5 988
2023-10-31T23 -33.25 46.5 987
2023-11-01T00 -32.0 46.75 986
2023-11-01T01 -30.5 46.75 985
2023-11-01T02 -29.25 46.75 984
2023-11-01T03 -28.0 47.0 983
2023-11-01T04 -26.75 47.0 982
2023-11-01T05 -25.5 47.25 980
2023-11-01T06 -24.0 47.25 979
2023-11-01T07 -23.0 47.5 978
2023-11-01T08 -22.0 47.5 977
2023-11-01T09 -20.75 47.5 976
2023-11-01T10 -19.5 47.75 974
2023-11-01T11 -18.25 48.0 973
2023-11-01T12 -17.5 48.0 970
2023-11-01T13 -16.25 48.25 968
2023-11-01T14 -15.25 48.5 966
2023-11-01T15 -14.25 48.5 964
2023-11-01T16 -13.5 48.75 962
2023-11-01T17 -12.75 48.75 961
2023-11-01T18 -11.75 48.75 960
2023-11-01T19 -10.75 48.75 960
2023-11-01T20 -9.25 48.75 959
2023-11-01T21 -8.0 49.0 958
2023-11-01T22 -7.0 49.25 956
2023-11-01T23 -6.25 49.5 954
2023-11-02T00 -5.75 49.75 954
2023-11-02T01 -5.0 49.75 954
2023-11-02T02 -4.5 50.0 953
2023-11-02T03 -3.75 50.0 953
2023-11-02T04 -3.0 50.25 953
2023-11-02T05 -2.5 50.25 953
2023-11-02T06 -1.5 50.5 954
2023-11-02T07 -0.75 50.75 954
2023-11-02T08 0.0 51.0 955
2023-11-02T09 0.75 51.5 955
2023-11-02T10 1.25 51.75 955
2023-11-02T11 1.25 52.25 955
2023-11-02T12 1.75 52.5 955
2023-11-02T13 1.75 53.0 956
2023-11-02T14 2.25 53.25 956
2023-11-02T15 2.5 53.5 956
2023-11-02T16 2.75 53.75 956
2023-11-02T17 2.75 54.0 957
2023-11-02T18 3.0 54.25 958
2023-11-02T19 3.25 54.5 958
2023-11-02T20 3.25 54.75 958
2023-11-02T21 3.25 54.75 959
2023-11-02T22 3.0 55.25 959
2023-11-02T23 2.75 55.25 959
2023-11-03T00 2.75 55.5 960
2023-11-03T01 2.5 55.5 960
2023-11-03T02 2.25 55.75 961
2023-11-03T03 2.25 55.75 961
2023-11-03T04 2.0 55.75 961
2023-11-03T05 2.0 55.75 961
2023-11-03T06 2.0 55.75 962
2023-11-03T07 2.0 55.75 963
2023-11-03T08 2.0 55.75 963
2023-11-03T09 2.25 55.75 964
2023-11-03T10 2.5 55.75 964
2023-11-03T11 2.75 55.75 964
2023-11-03T12 3.0 55.75 965
2023-11-03T13 3.25 56.0 965
2023-11-03T14 3.5 56.25 966
2023-11-03T15 3.5 56.5 966
2023-11-03T16 3.75 56.75 967
2023-11-03T17 4.0 56.75 967
2023-11-03T18 4.0 57.0 967
2023-11-03T19 4.0 57.25 968
2023-11-03T20 3.5 57.5 968
2023-11-03T21 3.5 57.75 968
2023-11-03T22 3.5 58.0 968
