2018-01-02T20 -5.75 54.75 975
2018-01-02T21 -5.25 55.0 973
2018-01-02T22 -4.75 55.25 970
2018-01-02T23 -3.75 55.5 969
2018-01-03T00 -3.25 55.5 968
2018-01-03T01 -2.5 55.5 968
2018-01-03T02 -1.75 55.75 967
2018-01-03T03 -1.0 55.75 967
2018-01-03T04 -0.5 55.5 967
2018-01-03T05 0.5 55.5 968
2018-01-03T06 1.5 55.25 968
2018-01-03T07 2.5 55.25 968
2018-01-03T08 4.75 56.25 969
2018-01-03T09 5.0 56.5 970
2018-01-03T10 5.0 56.5 971
2018-01-03T11 5.0 56.5 972
2018-01-03T12 5.25 56.5 972
2018-01-03T13 6.75 56.0 974
2018-01-03T14 8.5 54.75 975
2018-01-03T15 9.0 54.75 975
2018-01-03T16 9.75 54.75 977
2018-01-03T17 10.25 54.75 977
2018-01-03T18 11.0 54.75 978
2018-01-03T19 11.75 54.75 978
2018-01-03T20 12.0 54.75 979
2018-01-03T21 12.75 54.75 980
2018-01-03T22 13.75 54.75 980
2018-01-03T23 14.5 54.75 980
2018-01-04T00 14.75 55.0 980
2018-01-04T01 15.25 55.0 981
2018-01-04T02 15.5 55.0 981
2018-01-04T03 16.0 55.0 982
2018-01-04T04 16.5 55.25 982
2018-01-04T05 16.75 55.25 982
2018-01-04T06 17.0 55.25 983
2018-01-04T07 17.75 55.5 983
2018-01-04T08 17.75 55.5 984
2018-01-04T09 18.25 55.5 985
2018-01-04T10 18.75 55.75 985
