1990-02-02T09 -24.25 39.5 1005
1990-02-02T10 -23.5 39.75 1004
1990-02-02T11 -22.75 40.0 1004
1990-02-02T12 -21.75 40.5 1003
1990-02-02T13 -21.25 40.75 1002
1990-02-02T14 -20.25 41.0 1001
1990-02-02T15 -19.0 41.5 1000
1990-02-02T16 -18.0 42.0 1000
1990-02-02T17 -17.25 42.25 999
1990-02-02T18 -16.25 42.75 999
1990-02-02T19 -15.25 43.25 998
1990-02-02T20 -14.25 43.75 998
1990-02-02T21 -13.5 44.0 997
1990-02-02T22 -12.75 44.5 995
1990-02-02T23 -12.75 44.25 994
1990-02-03T00 -12.5 44.0 996
1990-02-03T01 -12.0 44.0 999
1990-02-03T02 -10.5 44.75 995
1990-02-03T03 -9.75 45.75 991
1990-02-03T04 -8.75 46.25 990
1990-02-03T05 -7.75 46.5 989
1990-02-03T06 -6.75 47.0 989
1990-02-03T07 -6.0 47.25 988
1990-02-03T08 -5.0 47.75 988
1990-02-03T09 -4.25 48.0 988
1990-02-03T10 -3.25 48.25 989
1990-02-03T11 -2.5 49.25 990
1990-02-03T12 -1.25 49.75 990
1990-02-03T13 -0.25 50.25 991
1990-02-03T14 1.0 51.0 991
1990-02-03T15 2.5 51.0 992
1990-02-03T16 3.25 51.5 992
1990-02-03T17 4.75 53.25 993
1990-02-03T18 5.75 53.5 993
1990-02-03T19 6.75 53.75 994
1990-02-03T20 7.75 53.75 995
1990-02-03T21 8.75 53.75 995
1990-02-03T22 10.0 54.25 997
1990-02-03T23 11.0 54.5 997
1990-02-04T00 12.5 55.5 998
1990-02-04T01 13.5 55.5 998
1990-02-04T02 14.5 55.75 998
1990-02-04T03 15.5 55.75 999
1990-02-04T04 16.25 56.0 999
1990-02-04T05 17.25 56.25 999
