2011-12-15T03 -32.0 45.75 998
2011-12-15T04 -30.75 46.0 998
2011-12-15T05 -29.5 46.25 997
2011-12-15T06 -28.0 46.5 997
2011-12-15T07 -26.5 46.75 996
2011-12-15T08 -25.0 47.0 996
2011-12-15T09 -23.5 47.25 996
2011-12-15T10 -22.0 47.5 994
2011-12-15T11 -20.5 47.75 995
2011-12-15T12 -19.0 48.0 995
2011-12-15T13 -17.25 48.25 994
2011-12-15T14 -15.5 48.25 993
2011-12-15T15 -14.0 48.5 992
2011-12-15T16 -12.0 48.75 991
2011-12-15T17 -10.5 49.0 990
2011-12-15T18 -9.25 49.0 989
2011-12-15T19 -7.5 49.25 988
2011-12-15T20 -6.25 49.5 986
2011-12-15T21 -4.75 49.75 985
2011-12-15T22 -4.0 50.0 982
2011-12-15T23 -3.0 50.0 981
2011-12-16T00 -2.0 50.25 979
2011-12-16T01 -1.0 50.25 977
2011-12-16T02 0.0 50.5 975
2011-12-16T03 1.0 50.5 974
2011-12-16T04 2.0 50.75 973
2011-12-16T05 3.25 50.75 972
2011-12-16T06 4.5 51.0 971
2011-12-16T07 5.25 51.0 969
2011-12-16T08 6.25 51.25 968
2011-12-16T09 7.0 51.5 968
2011-12-16T10 7.5 51.5 967
2011-12-16T11 8.0 51.75 966
2011-12-16T12 8.75 51.75 965
2011-12-16T13 9.25 52.0 964
2011-12-16T14 10.25 52.25 964
2011-12-16T15 10.75 52.25 964
2011-12-16T16 11.5 52.5 964
2011-12-16T17 12.25 52.75 964
2011-12-16T18 12.75 53.0 965
2011-12-16T19 13.25 53.0 965
2011-12-16T20 14.0 53.25 966
2011-12-16T21 14.25 53.5 966
2011-12-16T22 14.5 53.75 967
2011-12-16T23 14.75 54.0 968
2011-12-17T00 15.0 54.25 968
2011-12-17T01 15.25 54.25 969
2011-12-17T02 15.5 54.25 969
2011-12-17T03 15.75 54.25 970
2011-12-17T04 16.0 54.25 971
2011-12-17T05 16.5 54.5 971
2011-12-17T06 16.75 55.25 972
2011-12-17T07 16.75 55.5 973
2011-12-17T08 17.25 55.75 973
2011-12-17T09 17.25 55.75 974
2011-12-17T10 17.25 55.75 974
2011-12-17T11 17.75 55.75 974
2011-12-17T12 18.25 55.75 975
2011-12-17T13 19.0 56.0 976
2011-12-17T14 19.25 56.25 976
2011-12-17T15 19.25 56.5 977
2011-12-17T16 19.5 56.75 978
2011-12-17T17 19.5 57.0 978
2011-12-17T18 19.5 57.25 979
2011-12-17T19 19.5 57.25 979
2011-12-17T20 19.5 57.25 980
2011-12-17T21 19.5 57.25 980
2011-12-17T22 19.5 57.25 981
2011-12-17T23 19.5 57.25 981
