2009-01-23T06 -29.75 44.5 994
2009-01-23T07 -28.25 44.75 993
2009-01-23T08 -27.0 44.75 991
2009-01-23T09 -25.75 45.0 990
2009-01-23T10 -24.0 45.25 985
2009-01-23T11 -23.25 45.5 982
2009-01-23T12 -22.25 45.75 980
2009-01-23T13 -21.0 45.75 978
2009-01-23T14 -19.75 46.0 975
2009-01-23T15 -18.75 46.0 974
2009-01-23T16 -17.25 46.0 973
2009-01-23T17 -16.0 46.0 972
2009-01-23T18 -15.0 46.0 973
2009-01-23T19 -12.25 46.5 972
2009-01-23T20 -11.25 46.5 972
2009-01-23T21 -10.0 46.5 971
2009-01-23T22 -9.25 46.5 965
2009-01-23T23 -8.25 46.5 965
2009-01-24T00 -7.25 46.0 965
2009-01-24T01 -6.0 46.0 966
2009-01-24T02 -5.25 46.25 965
2009-01-24T03 -3.75 46.0 966
2009-01-24T04 -2.75 46.0 966
2009-01-24T05 -1.5 46.0 966
2009-01-24T06 -0.75 45.75 967
2009-01-24T07 0.0 45.75 968
2009-01-24T08 0.75 46.0 970
2009-01-24T09 1.25 46.0 971
2009-01-24T10 1.75 46.0 975
2009-01-24T11 2.0 46.0 977
2009-01-24T12 2.5 45.75 978
2009-01-24T13 3.0 45.5 980
2009-01-24T14 6.0 45.5 982
2009-01-24T15 6.0 45.25 983
