2019-10-01T00 -42.0 31.25 962
2019-10-01T01 -42.0 31.25 963
2019-10-01T02 -41.75 31.5 962
2019-10-01T03 -41.5 31.75 963
2019-10-01T04 -41.25 32.0 961
2019-10-01T05 -41.0 32.25 961
2019-10-01T06 -40.75 32.5 960
2019-10-01T07 -40.5 32.75 961
2019-10-01T08 -40.25 33.0 961
2019-10-01T09 -40.0 33.25 961
2019-10-01T10 -39.75 33.5 961
2019-10-01T11 -39.5 33.75 962
2019-10-01T12 -39.25 34.25 962
2019-10-01T13 -39.0 34.5 961
2019-10-01T14 -38.5 34.75 960
2019-10-01T15 -38.25 35.0 959
2019-10-01T16 -38.0 35.25 959
2019-10-01T17 -37.5 35.5 960
2019-10-01T18 -37.0 35.75 960
2019-10-01T19 -36.75 36.25 959
2019-10-01T20 -36.25 36.5 959
2019-10-01T21 -36.0 36.75 959
2019-10-01T22 -35.5 37.25 964
2019-10-01T23 -35.0 37.5 964
2019-10-02T00 -34.5 37.75 964
2019-10-02T01 -34.0 38.25 964
2019-10-02T02 -33.5 38.5 964
2019-10-02T03 -33.0 39.0 963
2019-10-02T04 -32.5 39.5 963
2019-10-02T05 -32.0 40.0 963
2019-10-02T06 -31.75 40.5 964
2019-10-02T07 -31.0 40.75 964
2019-10-02T08 -30.5 41.25 965
2019-10-02T09 -30.25 41.75 966
2019-10-02T10 -29.5 41.75 967
2019-10-02T11 -29.0 42.0 969
2019-10-02T12 -28.25 42.25 971
2019-10-02T13 -27.5 42.75 973
2019-10-02T14 -26.75 43.25 974
2019-10-02T15 -26.0 43.75 975
2019-10-02T16 -25.5 44.25 975
2019-10-02T17 -24.75 44.75 976
2019-10-02T18 -24.0 45.5 976
2019-10-02T19 -23.25 46.0 976
2019-10-02T20 -22.5 46.5 976
2019-10-02T21 -22.0 47.25 976
2019-10-02T22 -21.75 48.0 975
2019-10-02T23 -21.25 48.75 974
2019-10-03T00 -20.75 49.25 972
2019-10-03T01 -20.0 50.0 970
2019-10-03T02 -19.75 50.5 968
2019-10-03T03 -19.25 51.0 967
2019-10-03T04 -19.0 51.5 967
2019-10-03T05 -18.75 52.0 966
2019-10-03T06 -18.25 52.25 967
2019-10-03T07 -17.5 52.5 968
2019-10-03T08 -16.75 52.75 969
2019-10-03T09 -16.25 53.0 970
2019-10-03T10 -15.75 53.5 971
2019-10-03T11 -15.0 54.0 970
2019-10-03T12 -14.5 54.25 969
2019-10-03T13 -14.5 54.75 968
2019-10-03T14 -14.25 55.0 967
2019-10-03T15 -14.0 55.5 967
2019-10-03T16 -14.0 55.5 967
2019-10-03T17 -14.0 55.5 969
2019-10-03T18 -13.5 55.5 971
2019-10-03T19 -13.0 55.5 973
2019-10-03T20 -12.5 55.5 974
2019-10-03T21 -12.0 55.5 976
2019-10-03T22 -11.25 55.25 976
2019-10-03T23 -10.75 55.25 977
2019-10-04T00 -10.5 55.25 978
2019-10-04T01 -10.0 55.25 980
2019-10-04T02 -9.75 55.25 981
2019-10-04T03 -9.25 55.0 983
2019-10-04T04 -9.0 55.0 985
2019-10-04T05 -8.75 54.75 987
2019-10-04T06 -8.5 54.5 989
2019-10-04T07 -8.0 54.25 991
2019-10-04T08 -7.75 54.0 994
2019-10-04T09 -7.0 53.75 996
2019-10-04T10 -6.25 53.5 997
2019-10-04T11 -5.75 53.25 998
2019-10-04T12 -5.25 53.0 1000
2019-10-04T13 -5.0 52.75 1001
2019-10-04T14 -4.75 52.5 1002
2019-10-04T15 -4.5 52.5 1003
2019-10-04T16 -4.5 52.5 1004
2019-10-04T17 -4.25 52.5 1005
2019-10-04T18 -4.0 52.5 1006
