1999-12-25T00 -44.25 42.0 999
1999-12-25T01 -43.25 42.25 999
1999-12-25T02 -42.25 42.75 999
1999-12-25T03 -41.25 43.25 998
1999-12-25T04 -40.0 43.5 998
1999-12-25T05 -39.0 43.75 997
1999-12-25T06 -37.5 44.0 997
1999-12-25T07 -36.25 44.25 997
1999-12-25T08 -34.75 44.5 998
1999-12-25T09 -33.25 44.75 998
1999-12-25T10 -31.75 45.0 994
1999-12-25T11 -30.0 45.5 994
1999-12-25T12 -28.75 45.75 994
1999-12-25T13 -27.5 46.0 994
1999-12-25T14 -26.25 46.25 994
1999-12-25T15 -24.5 46.25 993
1999-12-25T16 -23.0 46.5 993
1999-12-25T17 -21.25 46.75 992
1999-12-25T18 -19.5 47.0 992
1999-12-25T19 -18.0 47.25 991
1999-12-25T20 -16.0 47.5 990
1999-12-25T21 -14.5 47.5 989
1999-12-25T22 -12.75 47.75 986
1999-12-25T23 -10.75 48.0 986
1999-12-26T00 -9.0 48.0 985
1999-12-26T01 -7.25 48.25 984
1999-12-26T02 -5.25 48.25 982
1999-12-26T03 -3.5 48.25 980
1999-12-26T04 -1.5 48.5 977
1999-12-26T05 0.25 48.75 975
1999-12-26T06 1.75 49.0 973
1999-12-26T07 3.25 49.0 971
1999-12-26T08 4.75 49.25 970
1999-12-26T09 6.0 49.5 971
1999-12-26T10 7.0 49.75 969
1999-12-26T11 8.0 49.75 970
1999-12-26T12 9.25 50.0 971
1999-12-26T13 10.0 50.0 973
1999-12-26T14 11.25 50.25 975
1999-12-26T15 12.5 50.25 976
