1999-12-26T12 -39.75 44.0 1005
1999-12-26T13 -39.0 44.25 1005
1999-12-26T14 -38.25 44.25 1005
1999-12-26T15 -37.5 44.5 1004
1999-12-26T16 -36.75 44.5 1003
1999-12-26T17 -36.0 44.75 1003
1999-12-26T18 -34.75 45.0 1003
1999-12-26T19 -34.25 45.25 1003
1999-12-26T20 -33.5 45.25 1003
1999-12-26T21 -31.5 45.75 1003
1999-12-26T22 -30.0 46.25 1000
1999-12-26T23 -28.0 46.75 999
1999-12-27T00 -26.5 47.25 998
1999-12-27T01 -24.25 47.5 996
1999-12-27T02 -22.75 47.75 994
1999-12-27T03 -20.5 48.0 990
1999-12-27T04 -19.25 48.25 989
1999-12-27T05 -18.0 48.25 987
1999-12-27T06 -16.75 48.25 986
1999-12-27T07 -15.5 48.25 985
1999-12-27T08 -14.75 48.25 983
1999-12-27T09 -13.75 48.25 981
1999-12-27T10 -12.75 48.0 979
1999-12-27T11 -10.0 47.75 977
1999-12-27T12 -8.75 48.0 974
1999-12-27T13 -7.0 48.0 972
1999-12-27T14 -6.0 48.25 969
1999-12-27T15 -4.75 48.25 967
1999-12-27T16 -4.0 48.0 966
1999-12-27T17 -3.25 47.75 965
1999-12-27T18 -2.25 47.5 965
1999-12-27T19 -1.0 47.75 966
1999-12-27T20 0.5 47.75 967
1999-12-27T21 1.5 47.75 968
1999-12-27T22 2.75 47.75 969
1999-12-27T23 4.0 48.0 970
1999-12-28T00 4.5 48.0 971
1999-12-28T01 5.25 48.0 972
1999-12-28T02 5.75 48.0 973
1999-12-28T03 6.0 47.75 975
1999-12-28T04 6.5 47.75 977
