1982-11-06T03 -17.0 43.75 977
1982-11-06T04 -16.5 44.0 974
1982-11-06T05 -16.25 44.5 971
1982-11-06T06 -16.0 44.75 970
1982-11-06T07 -16.0 45.25 968
1982-11-06T08 -16.0 45.75 967
1982-11-06T09 -16.25 46.25 966
1982-11-06T10 -16.5 46.25 969
1982-11-06T11 -17.0 46.5 969
1982-11-06T12 -17.0 46.75 967
1982-11-06T13 -17.0 46.75 965
1982-11-06T14 -17.0 46.75 963
1982-11-06T15 -17.0 46.75 961
1982-11-06T16 -17.0 46.75 960
1982-11-06T17 -17.0 46.75 959
1982-11-06T18 -17.0 46.75 958
1982-11-06T19 -17.0 46.75 958
1982-11-06T20 -16.25 46.5 957
1982-11-06T21 -16.25 46.0 955
1982-11-06T22 -17.0 45.5 953
1982-11-06T23 -16.75 45.25 952
1982-11-07T00 -16.5 45.25 952
1982-11-07T01 -16.5 45.25 952
1982-11-07T02 -15.75 45.0 952
1982-11-07T03 -16.0 44.75 952
1982-11-07T04 -16.25 44.25 952
1982-11-07T05 -16.0 44.0 952
1982-11-07T06 -15.75 43.75 952
1982-11-07T07 -15.25 43.5 953
1982-11-07T08 -15.0 43.25 953
1982-11-07T09 -14.5 43.0 954
1982-11-07T10 -14.0 42.75 956
1982-11-07T11 -13.75 42.5 957
1982-11-07T12 -13.25 42.5 958
1982-11-07T13 -12.75 42.5 959
1982-11-07T14 -12.5 42.5 959
1982-11-07T15 -12.0 42.5 960
1982-11-07T16 -11.25 42.5 961
1982-11-07T17 -10.75 42.5 962
1982-11-07T18 -10.0 42.75 964
1982-11-07T19 -9.75 43.25 965
1982-11-07T20 -9.25 43.5 966
1982-11-07T21 -9.25 43.75 967
1982-11-07T22 -9.0 44.0 968
1982-11-07T23 -8.25 44.25 970
1982-11-08T00 -7.75 44.5 971
1982-11-08T01 -7.5 44.75 972
1982-11-08T02 -6.5 45.25 972
1982-11-08T03 -6.0 45.75 973
1982-11-08T04 -5.5 46.0 974
1982-11-08T05 -5.25 46.25 975
1982-11-08T06 -4.75 47.0 976
1982-11-08T07 -4.25 47.75 977
1982-11-08T08 -4.0 47.75 978
1982-11-08T09 -3.75 47.75 980
1982-11-08T10 -3.25 48.0 981
1982-11-08T11 -2.25 50.0 981
1982-11-08T12 -3.0 50.5 981
