1987-10-15T09 -15.25 43.25 976
1987-10-15T10 -15.0 43.5 970
1987-10-15T11 -14.25 44.0 968
1987-10-15T12 -13.5 44.25 967
1987-10-15T13 -12.75 44.5 966
1987-10-15T14 -11.5 45.0 965
1987-10-15T15 -10.75 45.5 963
1987-10-15T16 -10.5 45.75 961
1987-10-15T17 -9.75 46.0 960
1987-10-15T18 -9.0 46.5 958
1987-10-15T19 -8.25 46.75 957
1987-10-15T20 -7.5 47.25 956
1987-10-15T21 -6.75 47.75 956
1987-10-15T22 -6.0 48.0 951
1987-10-15T23 -5.25 48.5 952
1987-10-16T00 -4.5 49.25 953
1987-10-16T01 -3.75 49.75 954
1987-10-16T02 -3.25 50.5 955
1987-10-16T03 -2.5 51.25 956
1987-10-16T04 -1.75 52.0 957
1987-10-16T05 -1.25 52.75 957
1987-10-16T06 -0.75 53.5 958
1987-10-16T07 0.0 54.25 958
1987-10-16T08 0.0 55.25 958
1987-10-16T09 0.5 56.0 958
1987-10-16T10 0.0 57.75 958
1987-10-16T11 0.0 58.0 957
1987-10-16T12 -0.5 58.75 956
1987-10-16T13 -0.5 59.0 956
1987-10-16T14 -0.5 59.25 956
1987-10-16T15 -0.25 59.5 957
1987-10-16T16 0.0 59.75 958
1987-10-16T17 0.5 60.75 959
1987-10-16T18 0.5 61.5 959
1987-10-16T19 0.5 62.0 960
1987-10-16T20 0.5 62.25 960
1987-10-16T21 0.5 62.5 961
1987-10-16T22 0.5 62.75 962
1987-10-16T23 0.5 63.0 963
