2017-10-14T00 -31.25 32.75 1000
2017-10-14T01 -31.0 32.75 999
2017-10-14T02 -30.75 32.75 999
2017-10-14T03 -30.25 33.0 999
2017-10-14T04 -30.25 33.25 998
2017-10-14T05 -30.0 33.5 997
2017-10-14T06 -29.75 33.5 997
2017-10-14T07 -29.5 33.5 997
2017-10-14T08 -29.0 33.75 997
2017-10-14T09 -28.75 33.75 997
2017-10-14T10 -28.25 34.0 996
2017-10-14T11 -28.0 34.25 996
2017-10-14T12 -27.75 34.25 996
2017-10-14T13 -27.25 34.5 995
2017-10-14T14 -27.0 34.75 995
2017-10-14T15 -26.75 34.75 995
2017-10-14T16 -26.0 34.75 994
2017-10-14T17 -25.75 35.0 994
2017-10-14T18 -25.25 35.25 993
2017-10-14T19 -25.0 35.25 992
2017-10-14T20 -24.5 35.5 992
2017-10-14T21 -24.0 35.75 992
2017-10-14T22 -23.75 35.75 992
2017-10-14T23 -23.25 36.0 992
2017-10-15T00 -22.75 36.25 991
2017-10-15T01 -22.25 36.5 989
2017-10-15T02 -22.0 36.75 987
2017-10-15T03 -21.5 37.0 985
2017-10-15T04 -21.0 37.25 983
2017-10-15T05 -20.75 37.5 983
2017-10-15T06 -20.25 37.75 982
2017-10-15T07 -19.75 38.0 983
2017-10-15T08 -19.25 38.25 983
2017-10-15T09 -18.75 38.75 984
2017-10-15T10 -18.25 38.75 985
2017-10-15T11 -17.5 39.25 985
2017-10-15T12 -17.25 39.75 984
2017-10-15T13 -16.75 40.25 984
2017-10-15T14 -16.25 40.75 983
2017-10-15T15 -15.75 41.25 982
2017-10-15T16 -15.5 41.75 981
2017-10-15T17 -14.75 42.5 981
2017-10-15T18 -14.5 43.0 980
2017-10-15T19 -14.25 43.75 979
2017-10-15T20 -13.75 44.5 978
2017-10-15T21 -13.75 45.25 976
2017-10-15T22 -13.5 46.25 974
2017-10-15T23 -13.5 47.0 973
2017-10-16T00 -13.5 47.75 971
2017-10-16T01 -13.5 48.25 969
2017-10-16T02 -13.75 48.5 967
2017-10-16T03 -13.75 48.75 966
2017-10-16T04 -13.5 49.0 964
2017-10-16T05 -13.0 49.25 963
2017-10-16T06 -12.5 49.5 963
2017-10-16T07 -12.0 50.0 964
2017-10-16T08 -11.5 50.5 966
2017-10-16T09 -11.25 51.0 967
2017-10-16T10 -10.75 51.5 965
2017-10-16T11 -10.5 51.75 968
2017-10-16T12 -10.0 52.5 970
2017-10-16T13 -9.75 53.0 971
2017-10-16T14 -9.5 53.5 973
2017-10-16T15 -9.0 54.0 974
2017-10-16T16 -9.0 54.5 975
2017-10-16T17 -8.75 55.0 976
2017-10-16T18 -8.5 55.25 977
2017-10-16T19 -8.25 55.75 977
2017-10-16T20 -8.25 56.0 978
2017-10-16T21 -8.0 56.25 980
2017-10-16T22 -7.5 56.5 981
2017-10-16T23 -7.25 56.5 982
2017-10-17T00 -6.75 56.5 983
2017-10-17T01 -6.25 56.75 985
2017-10-17T02 -6.0 57.0 987
2017-10-17T03 -4.5 57.5 988
2017-10-17T04 -3.5 57.75 988
2017-10-17T05 -2.5 57.75 989
2017-10-17T06 -2.0 58.0 990
2017-10-17T07 -1.5 58.5 990
2017-10-17T08 -0.5 58.5 991
2017-10-17T09 0.0 58.75 992
2017-10-17T10 1.0 59.0 993
2017-10-17T11 1.0 59.0 994
2017-10-17T12 2.0 59.25 995
2017-10-17T13 2.5 59.25 995
2017-10-17T14 3.25 59.5 996
2017-10-17T15 3.75 59.5 996
2017-10-17T16 4.75 59.75 997
2017-10-17T17 4.75 59.75 998
2017-10-17T18 5.0 59.75 999
2017-10-17T19 5.75 59.5 1000
2017-10-17T20 5.5 59.25 1001
2017-10-17T21 5.75 59.0 1002
