2011-11-06T13 3.75 40.5 999
2011-11-06T14 3.5 40.25 1000
2011-11-06T15 3.5 40.25 1000
2011-11-06T16 3.5 40.0 1001
2011-11-06T17 3.25 39.5 1002
2011-11-06T18 3.5 39.5 1003
2011-11-06T19 3.5 39.5 1003
2011-11-06T20 3.5 39.25 1003
2011-11-06T21 3.5 39.25 1004
2011-11-06T22 4.0 39.25 1004
2011-11-06T23 4.25 39.25 1004
2011-11-07T00 4.25 39.25 1004
2011-11-07T01 4.75 39.25 1004
2011-11-07T02 4.75 39.25 1004
2011-11-07T03 5.0 39.25 1004
2011-11-07T04 5.25 39.5 1003
2011-11-07T05 5.25 39.5 1004
2011-11-07T06 5.75 39.5 1004
2011-11-07T07 5.75 39.75 1004
2011-11-07T08 5.75 40.0 1005
2011-11-07T09 5.5 40.25 1005
2011-11-07T10 5.5 40.25 1005
2011-11-07T11 6.0 40.25 1005
2011-11-07T12 5.75 40.5 1004
2011-11-07T13 5.75 40.75 1004
2011-11-07T14 5.75 40.75 1004
2011-11-07T15 5.75 41.0 1003
2011-11-07T16 5.5 41.0 1003
2011-11-07T17 5.5 41.0 1004
2011-11-07T18 5.5 41.0 1004
2011-11-07T19 5.25 41.0 1004
2011-11-07T20 5.25 41.25 1004
2011-11-07T21 5.0 41.0 1004
2011-11-07T22 5.0 41.0 1003
2011-11-07T23 5.0 41.0 1002
2011-11-08T00 5.0 41.0 1002
2011-11-08T01 5.25 41.0 1002
2011-11-08T02 5.25 41.0 1002
2011-11-08T03 5.5 41.25 1002
2011-11-08T04 5.5 41.25 1002
2011-11-08T05 5.75 41.25 1002
2011-11-08T06 6.0 41.25 1002
2011-11-08T07 6.25 41.25 1003
2011-11-08T08 6.5 41.5 1004
2011-11-08T09 6.5 41.5 1004
2011-11-08T10 6.5 41.75 1003
2011-11-08T11 6.5 41.75 1003
2011-11-08T12 6.5 42.0 1003
2011-11-08T13 6.5 42.0 1003
2011-11-08T14 6.5 42.0 1004
2011-11-08T15 6.5 42.0 1004
2011-11-08T16 6.5 42.0 1005
2011-11-08T17 6.5 42.25 1005
2011-11-08T18 6.5 42.25 1006
2011-11-08T19 6.5 42.25 1006
2011-11-08T20 6.5 42.25 1007
2011-11-08T21 6.25 42.25 1007
2011-11-08T22 6.25 42.5 1007
2011-11-08T23 6.25 42.5 1007
2011-11-09T00 6.25 42.5 1008
2011-11-09T01 6.25 42.5 1008
2011-11-09T02 6.25 42.5 1009
2011-11-09T03 6.0 42.5 1009
2011-11-09T04 6.0 42.5 1010
2011-11-09T05 6.0 42.5 1011
2011-11-09T06 5.75 42.5 1011
2011-11-09T07 5.75 42.5 1012
2011-11-09T08 5.5 42.5 1013
2011-11-09T09 5.5 42.5 1014
2011-11-09T10 5.25 42.75 1015
2011-11-09T11 5.0 42.75 1015
