1990-02-26T00 -10.0 56.5 958
1990-02-26T01 -8.75 56.75 956
1990-02-26T02 -7.75 57.0 954
1990-02-26T03 -7.0 57.0 953
1990-02-26T04 -6.0 57.25 953
1990-02-26T05 -4.25 57.25 953
1990-02-26T06 -1.5 57.75 952
1990-02-26T07 -0.5 58.0 951
1990-02-26T08 0.5 58.25 950
1990-02-26T09 1.5 58.5 949
1990-02-26T10 2.0 58.5 949
1990-02-26T11 3.0 58.75 948
1990-02-26T12 3.5 59.0 948
1990-02-26T13 4.0 59.0 948
1990-02-26T14 4.5 59.0 948
1990-02-26T15 5.0 59.0 949
1990-02-26T16 9.0 58.5 949
1990-02-26T17 10.0 58.75 948
1990-02-26T18 10.75 59.0 947
1990-02-26T19 11.0 59.0 947
1990-02-26T20 11.75 59.25 946
1990-02-26T21 12.75 59.5 946
1990-02-26T22 13.25 59.5 946
1990-02-26T23 13.5 59.5 945
1990-02-27T00 14.0 59.5 945
1990-02-27T01 15.0 59.75 944
1990-02-27T02 17.0 60.25 943
1990-02-27T03 17.0 60.25 943
1990-02-27T04 17.0 60.25 942
1990-02-27T05 17.5 60.25 941
1990-02-27T06 17.75 60.25 941
1990-02-27T07 18.25 60.25 941
1990-02-27T08 18.75 60.25 941
1990-02-27T09 19.75 60.25 940
1990-02-27T10 20.0 60.25 941
1990-02-27T11 20.0 60.25 940
1990-02-27T12 20.0 60.25 941
1990-02-27T13 20.0 60.25 942
1990-02-27T14 20.0 60.25 943
1990-02-27T15 20.0 60.25 945
1990-02-27T16 20.0 60.25 946
1990-02-27T17 20.0 60.25 947
1990-02-27T18 20.0 60.25 948
1990-02-27T19 20.0 60.25 949
1990-02-27T20 20.0 60.25 951
1990-02-27T21 20.0 60.25 952
1990-02-27T22 20.0 60.25 953
1990-02-27T23 20.0 60.25 954
1990-02-28T00 20.0 60.25 955
