2010-02-26T21 -20.0 34.25 988
2010-02-26T22 -19.75 34.5 986
2010-02-26T23 -19.25 35.0 986
2010-02-27T00 -18.75 35.25 984
2010-02-27T01 -18.0 35.75 984
2010-02-27T02 -17.5 36.0 983
2010-02-27T03 -17.0 36.5 982
2010-02-27T04 -16.5 36.75 980
2010-02-27T05 -16.0 37.25 978
2010-02-27T06 -15.0 38.0 977
2010-02-27T07 -14.5 38.5 976
2010-02-27T08 -14.0 39.0 975
2010-02-27T09 -13.25 39.75 975
2010-02-27T10 -12.75 40.25 974
2010-02-27T11 -12.25 40.5 974
2010-02-27T12 -11.5 41.0 973
2010-02-27T13 -10.75 41.75 972
2010-02-27T14 -10.0 42.25 971
2010-02-27T15 -9.5 43.0 970
2010-02-27T16 -9.0 43.5 969
2010-02-27T17 -8.5 43.75 969
2010-02-27T18 -8.0 44.0 969
2010-02-27T19 -7.5 44.25 969
2010-02-27T20 -6.75 44.75 969
2010-02-27T21 -6.0 45.25 968
2010-02-27T22 -5.5 45.5 970
2010-02-27T23 -4.25 46.5 970
2010-02-28T00 -3.5 47.0 970
2010-02-28T01 -3.25 47.25 970
2010-02-28T02 -2.5 47.5 970
2010-02-28T03 -2.0 47.75 970
2010-02-28T04 -1.25 48.5 970
2010-02-28T05 -0.5 49.0 971
2010-02-28T06 0.0 49.25 971
2010-02-28T07 0.75 49.75 971
2010-02-28T08 1.25 50.0 971
2010-02-28T09 1.75 50.25 971
2010-02-28T10 2.5 51.0 972
2010-02-28T11 3.0 51.0 973
2010-02-28T12 3.5 51.25 974
2010-02-28T13 4.0 51.75 974
2010-02-28T14 4.75 52.0 975
2010-02-28T15 5.5 52.75 975
2010-02-28T16 6.25 53.25 976
2010-02-28T17 6.75 53.5 976
2010-02-28T18 7.5 53.75 977
2010-02-28T19 8.0 54.0 977
2010-02-28T20 8.25 54.0 978
2010-02-28T21 8.75 54.25 978
