2017-03-06T04 -7.0 49.25 997
2017-03-06T05 -6.0 49.25 996
2017-03-06T06 -4.75 49.0 995
2017-03-06T07 -4.0 49.0 996
2017-03-06T08 -2.75 48.75 996
2017-03-06T09 -2.0 48.5 996
2017-03-06T10 1.0 47.75 996
2017-03-06T11 1.75 47.75 996
2017-03-06T12 3.25 47.75 995
2017-03-06T13 4.0 47.75 996
2017-03-06T14 4.75 47.5 997
2017-03-06T15 5.25 47.25 998
2017-03-06T16 5.5 47.25 1000
2017-03-06T17 8.5 46.0 1002
2017-03-06T18 8.75 45.75 1000
2017-03-06T19 9.75 44.0 996
2017-03-06T20 10.0 44.0 996
2017-03-06T21 12.0 44.0 996
2017-03-06T22 12.5 44.25 997
2017-03-06T23 12.75 44.25 997
2017-03-07T00 13.25 44.0 996
2017-03-07T01 15.0 42.75 995
2017-03-07T02 15.0 43.0 994
2017-03-07T03 15.25 43.25 994
2017-03-07T04 15.25 43.25 993
2017-03-07T05 15.75 43.25 993
2017-03-07T06 15.75 43.25 994
2017-03-07T07 15.75 43.25 995
2017-03-07T08 15.75 43.25 995
2017-03-07T09 15.75 43.25 996
2017-03-07T10 15.75 43.25 997
2017-03-07T11 15.75 43.25 998
2017-03-07T12 16.5 43.0 998
2017-03-07T13 17.25 41.75 998
2017-03-07T14 16.5 40.5 996
2017-03-07T15 17.0 39.5 996
2017-03-07T16 17.25 39.25 996
2017-03-07T17 17.25 39.25 996
2017-03-07T18 17.5 39.25 997
2017-03-07T19 17.5 39.25 997
2017-03-07T20 17.75 39.25 997
2017-03-07T21 18.25 39.0 998
2017-03-07T22 18.25 38.5 997
2017-03-07T23 18.25 38.0 997
