2018-09-27T05 19.25 33.0 1009
2018-09-27T06 19.5 33.25 1009
2018-09-27T07 19.5 33.25 1009
2018-09-27T08 19.5 33.25 1008
2018-09-27T09 19.25 33.0 1008
2018-09-27T10 19.25 33.0 1007
2018-09-27T11 19.25 33.0 1006
2018-09-27T12 19.25 33.0 1005
2018-09-27T13 19.25 32.75 1004
2018-09-27T14 19.25 33.0 1005
2018-09-27T15 19.25 33.0 1004
2018-09-27T16 19.25 33.0 1003
2018-09-27T17 19.25 33.25 1003
2018-09-27T18 19.25 33.25 1003
2018-09-27T19 19.5 33.25 1003
2018-09-27T20 19.5 33.5 1002
2018-09-27T21 19.0 34.0 1001
2018-09-27T22 19.0 33.75 999
2018-09-27T23 18.75 34.0 998
2018-09-28T00 18.75 34.0 997
2018-09-28T01 19.0 34.0 996
2018-09-28T02 19.0 34.25 995
2018-09-28T03 19.0 34.25 995
2018-09-28T04 19.0 34.5 994
2018-09-28T05 19.0 34.5 995
2018-09-28T06 18.75 34.75 996
2018-09-28T07 18.75 35.0 996
2018-09-28T08 18.5 35.0 996
2018-09-28T09 18.5 35.25 996
2018-09-28T10 18.25 35.25 998
2018-09-28T11 18.25 35.25 997
2018-09-28T12 18.25 35.25 997
2018-09-28T13 18.25 35.25 997
2018-09-28T14 18.25 35.25 997
2018-09-28T15 18.25 35.25 997
2018-09-28T16 18.5 35.25 998
2018-09-28T17 18.75 35.25 998
2018-09-28T18 18.75 35.25 998
2018-09-28T19 19.0 35.25 999
2018-09-28T20 19.0 35.25 999
2018-09-28T21 19.25 35.25 999
2018-09-28T22 19.5 35.5 998
2018-09-28T23 20.0 35.75 998
2018-09-29T00 20.0 35.75 998
2018-09-29T01 20.25 35.75 998
2018-09-29T02 20.25 36.0 998
2018-09-29T03 20.75 36.0 998
2018-09-29T04 20.75 36.0 998
2018-09-29T05 21.0 36.25 999
2018-09-29T06 21.25 36.25 999
2018-09-29T07 21.5 36.5 1000
2018-09-29T08 21.75 36.5 1001
2018-09-29T09 22.0 36.5 1001
2018-09-29T10 22.0 36.75 1000
2018-09-29T11 22.0 36.75 1001
2018-09-29T12 23.0 37.25 1002
2018-09-29T13 23.0 37.25 1001
2018-09-29T14 23.0 37.25 1001
2018-09-29T15 23.0 37.25 1001
2018-09-29T16 23.0 37.25 1002
2018-09-29T17 23.25 37.5 1003
2018-09-29T18 23.5 37.5 1003
2018-09-29T19 23.5 37.5 1004
2018-09-29T20 23.5 37.75 1005
2018-09-29T21 23.5 37.75 1005
2018-09-29T22 23.75 37.75 1005
2018-09-29T23 23.75 37.75 1004
2018-09-30T00 23.75 37.75 1005
2018-09-30T01 23.75 37.75 1005
2018-09-30T02 24.0 37.75 1005
2018-09-30T03 24.0 37.75 1005
2018-09-30T04 24.0 37.75 1006
2018-09-30T05 24.25 38.0 1006
2018-09-30T06 24.25 38.0 1007
2018-09-30T07 24.5 38.25 1007
2018-09-30T08 24.5 38.25 1007
2018-09-30T09 24.5 38.25 1008
2018-09-30T10 24.5 38.25 1008
2018-09-30T11 24.5 38.25 1009
2018-09-30T12 24.5 38.25 1008
2018-09-30T13 24.5 38.5 1007
2018-09-30T14 24.5 38.5 1007
2018-09-30T15 24.5 38.5 1007
2018-09-30T16 24.5 38.5 1007
2018-09-30T17 24.5 38.5 1007
2018-09-30T18 24.5 38.5 1007
2018-09-30T19 24.5 38.5 1007
2018-09-30T20 24.75 38.5 1008
2018-09-30T21 24.75 38.5 1007
2018-09-30T22 25.0 38.5 1007
2018-09-30T23 25.0 38.5 1007
